0.000693 1.203987 0.000027 1.204707
0.001094 1.07826 0.000026 1.07938
0.000431 1.026386 0.000043 1.02686
0.000346 2.411957 0.000036 2.412339
0.001827 1.555226 0.000027 1.55708
0.001563 1.025464 0.000025 1.027052
0.000506 0.578162 0.000066 0.578734
0.000693 1.886769 0.000061 1.887523
0.000712 1.965079 0.000035 1.965826
0.000355 1.241886 0.000229 1.24247
0.000558 1.243423 0.000030 1.244011
0.000633 2.051901 0.000037 2.052571
0.000651 0.911869 0.000059 0.912579
0.000273 1.37079 0.000027 1.37109
0.000433 0.864881 0.000025 0.865339
0.000229 2.410997 0.000035 2.411261
0.001281 0.640974 0.000059 0.642314
0.001057 4.055424 0.000071 4.056552
0.000375 1.307024 0.000026 1.307425
0.000491 1.371255 0.000037 1.371783
0.000692 3.768746 0.000048 3.769486
0.003647 1.293594 0.000036 1.297277
0.003758 0.827192 0.000050 0.831
0.001299 1.316535 0.000028 1.317862
0.003775 4.143711 0.000101 4.147587
0.00275 3.331755 0.000066 3.334571
0.004841 1.26338 0.000027 1.268248
0.000299 2.535713 0.000036 2.536048
0.000449 1.723885 0.000042 1.724376
0.000196 2.10177 0.000037 2.102003
0.003261 1.082587 0.000025 1.085873
0.001523 2.317807 0.000051 2.319381
0.000292 1.275819 0.000052 1.276163
0.000593 1.065819 0.000053 1.066465
0.000319 1.803138 0.000041 1.803498
0.000604 2.109211 0.000036 2.109851
0.000768 1.069206 0.000035 1.070009
0.00023 1.092138 0.000027 1.092395
0.000186 2.244112 0.000034 2.244332
0.001391 0.559044 0.000046 0.560481
0.000169 3.104767 0.000053 3.104989
0.00072 1.217385 0.000038 1.218143
0.00027 1.396009 0.000057 1.396336
0.001061 0.541415 0.000051 0.542527
0.000827 0.761964 0.000055 0.762846
0.000342 1.251008 0.000026 1.251376
0.001799 3.486576 0.000067 3.488442
0.001429 2.357509 0.000035 2.358973
0.000233 1.905363 0.000071 1.905667
0.000417 1.177809 0.000026 1.178252
0.001033 0.872485 0.000047 0.873565
0.000669 1.095648 0.000077 1.096394
0.000165 4.462992 0.000064 4.463221
0.000312 1.663422 0.000036 1.66377
0.000995 2.407452 0.000072 2.408519
0.000881 7.385907 0.000069 7.386857
0.000378 1.154977 0.000029 1.155384
0.000357 3.126328 0.000054 3.126739
0.000378 2.662931 0.000045 2.663354
0.000362 1.388148 0.000048 1.388558
0.000563 1.977987 0.000119 1.978669
0.000793 1.350347 0.000136 1.351276
0.000763 1.331652 0.000027 1.332442
0.000823 0.864291 0.000025 0.865139
0.000201 0.490242 0.000066 0.490509
0.000691 2.448187 0.000058 2.448936
0.000699 2.118539 0.000087 2.119325
0.000429 3.159789 0.000080 3.160298
0.000898 1.395628 0.000029 1.396555
0.000173 3.206164 0.000048 3.206385
0.000207 4.913107 0.000101 4.913415
0.00057 2.139931 0.000113 2.140614
0.00026 3.716996 0.000064 3.71732
0.000289 3.024516 0.000046 3.024851
0.000289 1.868681 0.000044 1.869014
0.001722 0.85258 0.000027 0.854329
0.001211 1.791057 0.000047 1.792315
0.001231 2.46088 0.000058 2.462169
0.000517 0.575678 0.000036 0.576231
0.000625 1.154126 0.000025 1.154776
0.000319 1.552815 0.000064 1.553198
0.000771 1.343338 0.000044 1.344153
0.000886 1.069489 0.000026 1.070401
0.000497 0.837268 0.000028 0.837793
0.000545 1.824329 0.000038 1.824912
0.001648 0.512861 0.000045 0.514554
0.000586 1.031317 0.000036 1.031939
0.000242 1.471348 0.000035 1.471625
0.000261 0.936265 0.000043 0.936569
0.000576 4.98165 0.000070 4.982296
0.000641 3.520416 0.000045 3.521102
0.00081 1.096745 0.000036 1.097591
0.0008 1.813073 0.000037 1.81391
0.0005 0.425122 0.000036 0.425658
0.0004 1.596065 0.000054 1.596519
0.001906 0.9296 0.000024 0.93153
0.000626 2.126701 0.000046 2.127373
0.000428 2.258499 0.000034 2.258961
0.000634 1.087429 0.000037 1.0881
0.000856 0.562522 0.000058 0.563436
0.002571 1.208072 0.000038 1.210681
0.000389 1.059506 0.000036 1.059931
0.001928 1.002501 0.000026 1.004455
0.0024 1.933736 0.000040 1.936176
0.001011 0.963475 0.000035 0.964521
0.00016 2.066957 0.000036 2.067153
0.000255 1.463575 0.000046 1.463876
0.001494 1.04597 0.000025 1.047489
0.00021 3.131242 0.000046 3.131498
0.000448 1.339954 0.000066 1.340468
0.000283 1.873342 0.000039 1.873664
0.000626 1.131734 0.000028 1.132388
0.001207 1.663738 0.000035 1.66498
0.002506 1.116023 0.000028 1.118557
0.000322 0.920564 0.000058 0.920944
0.000258 1.949524 0.000035 1.949817
0.000736 1.068276 0.000026 1.069038
0.002481 1.7779 0.000056 1.780437
0.001081 0.980329 0.000025 0.981435
0.000474 1.491588 0.000035 1.492097
0.000247 0.491257 0.000043 0.491547
0.000646 0.917706 0.000040 0.918392
0.000895 1.694758 0.000059 1.695712
0.001224 1.729235 0.000036 1.730495
0.001542 1.980138 0.000037 1.981717
0.00064 0.920626 0.000036 0.921302
0.000365 2.01019 0.000035 2.01059
0.001232 0.491358 0.000037 0.492627
0.001017 1.131896 0.000034 1.132947
0.000438 1.940037 0.000060 1.940535
0.000523 3.100758 0.000072 3.101353
0.00021 1.04849 0.000024 1.048724
0.001108 1.726249 0.000038 1.727395
0.000174 1.994428 0.000037 1.994639
0.001037 1.666051 0.000050 1.667138
0.000695 2.368982 0.000056 2.369733
0.000746 1.987834 0.000036 1.988616
0.000783 1.661464 0.000069 1.662316
0.00017 1.548706 0.000042 1.548918
0.000294 0.988931 0.000037 0.989262
0.00033 1.20222 0.000049 1.202599
0.001202 1.152482 0.000027 1.153711
0.000188 2.215945 0.000037 2.21617
0.001348 1.694321 0.000053 1.695722
0.000289 0.945857 0.000054 0.9462
0.000645 2.398764 0.000048 2.399457
0.000457 6.143601 0.000098 6.144156
0.000492 2.157102 0.000066 2.15766
0.00109 0.49768 0.000042 0.498812
0.000963 0.938148 0.000037 0.939148
0.000249 1.13201 0.000041 1.1323
0.000351 3.186733 0.000048 3.187132
0.000281 2.423586 0.000046 2.423913
0.000259 0.518539 0.000047 0.518845
0.001112 1.99077 0.000044 1.991926
0.000272 1.161198 0.000046 1.161516
0.000516 1.247915 0.000045 1.248476
0.001694 4.440463 0.000072 4.442229
0.000418 1.225385 0.000026 1.225829
0.000467 0.958065 0.000025 0.958557
0.001712 0.481454 0.000060 0.483226
0.000303 1.159153 0.000041 1.159497
0.000622 2.060103 0.000039 2.060764
0.000169 1.018572 0.000059 1.0188
0.000165 1.021609 0.000036 1.02181
0.000382 1.090353 0.000025 1.09076
0.001283 1.095598 0.000036 1.096917
0.001458 0.962519 0.000027 0.964004
0.000189 1.62363 0.000036 1.623855
0.001002 1.882572 0.000035 1.883609
0.0002 2.499336 0.000045 2.499581
0.002211 1.270859 0.000037 1.273107
0.001274 0.976141 0.000026 0.977441
0.000658 2.931449 0.000048 2.932155
0.0002 2.380965 0.000047 2.381212
0.000476 0.874714 0.000025 0.875215
0.000309 0.818123 0.000026 0.818458
0.000694 1.574974 0.000043 1.575711
0.000212 1.224039 0.000036 1.224287
0.000165 5.985022 0.000078 5.985265
0.000916 4.445472 0.000061 4.446449
0.001299 1.010755 0.000027 1.012081
0.00017 0.992272 0.000027 0.992469
0.001025 1.752901 0.000036 1.753962
0.000289 1.002599 0.000027 1.002915
0.000817 1.023794 0.000046 1.024657
0.000447 0.924153 0.000071 0.924671
0.000598 1.869013 0.000045 1.869656
0.000527 3.092512 0.000079 3.093118
0.000302 1.542169 0.000037 1.542508
0.000376 0.928266 0.000025 0.928667
0.000995 0.885468 0.000027 0.88649
0.000913 1.804977 0.000050 1.80594
0.000934 1.097127 0.000043 1.098104
0.000325 1.355156 0.000038 1.355519
0.001554 1.049287 0.000027 1.050868
0.000342 1.304222 0.000039 1.304603
0.001847 1.653324 0.000075 1.655246
0.00109 3.327203 0.000066 3.328359
0.000783 0.748662 0.000029 0.749474
0.000781 2.270627 0.000045 2.271453
0.000577 1.656605 0.000054 1.657236
0.000452 1.679406 0.000050 1.679908
0.000398 1.303516 0.000041 1.303955
0.000532 2.529171 0.000066 2.529769
0.002066 0.654078 0.000049 0.656193
0.001072 1.244965 0.000047 1.246084
0.000568 3.599591 0.000047 3.600206
0.000541 1.050039 0.000039 1.050619
0.000207 0.523455 0.000070 0.523732
0.000684 0.799367 0.000027 0.800078
0.000335 0.730601 0.000025 0.730961
0.001029 2.020987 0.000252 2.022268
0.000904 1.032 0.000031 1.032935
0.000374 2.234562 0.000055 2.234991
0.000694 1.611406 0.000191 1.612291
0.000549 4.492727 0.000070 4.493346
0.000273 1.380498 0.000165 1.380936
0.002989 1.989198 0.000038 1.992225
0.003167 1.971521 0.000106 1.974794
0.000625 2.07576 0.000065 2.07645
0.000638 1.2383 0.000048 1.238986
0.001709 1.546266 0.000100 1.548075
0.000346 1.063937 0.000039 1.064322
0.003875 1.079517 0.000033 1.083425
0.000679 3.402241 0.000285 3.403205
0.000948 0.696962 0.000048 0.697958
0.000246 2.689736 0.000069 2.690051
0.000621 1.039957 0.000028 1.040606
0.000169 2.872838 0.000074 2.873081
0.000337 1.519635 0.000049 1.520021
0.000833 2.846681 0.000095 2.847609
0.000339 1.680787 0.000139 1.681265
0.000733 2.493534 0.000044 2.494311
0.00071 0.727254 0.000075 0.728039
0.008144 1.312623 0.000109 1.320876
0.000577 1.221736 0.000038 1.222351
0.000284 1.485439 0.000033 1.485756
0.000763 2.782019 0.000061 2.782843
0.000314 0.925683 0.000052 0.926049
0.000266 3.010014 0.000062 3.010342
0.000986 1.68695 0.000097 1.688033
0.000364 1.53941 0.000032 1.539806
0.000361 2.352933 0.000110 2.353404
0.001637 1.233183 0.000048 1.234868
0.000186 1.376902 0.000036 1.377124
0.000456 1.875524 0.000086 1.876066
0.000767 2.969074 0.000047 2.969888
0.00037 1.370021 0.000029 1.37042
0.000276 3.185454 0.000060 3.18579
0.000903 1.116397 0.000051 1.117351
0.000496 1.280366 0.000032 1.280894
0.000488 2.856411 0.000043 2.856942
0.000894 3.148175 0.000067 3.149136
0.00041 2.994024 0.000151 2.994585
0.00116 1.260771 0.000047 1.261978
0.000219 1.353886 0.000028 1.354133
0.000798 0.612373 0.000037 0.613208
0.000197 1.124462 0.000037 1.124696
0.000323 1.326429 0.000071 1.326823
0.000646 1.248702 0.000038 1.249386
0.000414 2.025428 0.000071 2.025913
0.000524 3.057468 0.000059 3.058051
0.001127 1.191486 0.000026 1.192639
0.000459 1.324901 0.000027 1.325387
0.000227 0.718519 0.000037 0.718783
0.002747 1.239966 0.000036 1.242749
0.000509 2.484419 0.000109 2.485037
0.000676 1.725302 0.000046 1.726024
0.000394 0.648117 0.000047 0.648558
0.000322 1.340191 0.000072 1.340585
0.000642 1.003404 0.000038 1.004084
0.001015 2.41874 0.000049 2.419804
0.000605 0.862195 0.000026 0.862826
0.001668 2.269157 0.000035 2.27086
0.000201 2.408243 0.000037 2.408481
0.000627 6.258421 0.000068 6.259116
0.00134 2.279154 0.000069 2.280563
0.000602 1.210966 0.000071 1.211639
0.001101 3.486239 0.000060 3.4874
0.00019 2.562974 0.000071 2.563235
0.000651 1.135963 0.000040 1.136654
0.001109 2.356292 0.000061 2.357462
0.000306 1.291968 0.000080 1.292354
0.000264 5.367084 0.000111 5.367459
0.00183 2.089732 0.000043 2.091605
0.000161 4.575924 0.000109 4.576194
0.00122 1.267059 0.000037 1.268316
0.000839 1.042755 0.000048 1.043642
0.000499 1.105029 0.000027 1.105555
0.002966 1.589443 0.000037 1.592446
0.000247 2.011255 0.000039 2.011541
0.000395 2.671357 0.000079 2.671831
0.001368 2.485568 0.000041 2.486977
0.00056 1.487394 0.000026 1.48798
0.000276 3.020309 0.000041 3.020626
0.00028 1.188317 0.000030 1.188627
0.00187 2.315499 0.000060 2.317429
0.000755 1.631053 0.000047 1.631855
0.001776 1.660872 0.000064 1.662712
0.000263 1.250723 0.000027 1.251013
0.000643 3.685682 0.000056 3.686381
0.000199 2.366924 0.000047 2.36717
0.000535 0.58059 0.000061 0.581186
0.001098 1.133902 0.000054 1.135054
0.001104 0.936264 0.000031 0.937399
0.000624 1.094427 0.000036 1.095087
0.000285 1.96857 0.000038 1.968893
0.000967 1.246281 0.000037 1.247285
0.000633 1.752899 0.000047 1.753579
0.002876 2.630045 0.000038 2.632959
0.000396 1.873658 0.000038 1.874092
0.000212 2.035499 0.000068 2.035779
0.000257 0.980044 0.000027 0.980328
0.000375 1.095121 0.000044 1.09554
0.000532 1.043277 0.000026 1.043835
0.000314 1.151446 0.000028 1.151788
0.000684 1.391675 0.000027 1.392386
0.000606 1.844312 0.000038 1.844956
0.000491 1.403683 0.000040 1.404214
0.000333 1.347191 0.000027 1.347551
0.001633 1.589684 0.000037 1.591354
0.00065 5.024399 0.000091 5.02514
0.000255 1.596049 0.000037 1.596341
0.000378 2.276795 0.000078 2.277251
0.000307 1.574181 0.000043 1.574531
0.000861 0.976549 0.000025 0.977435
0.00018 2.971659 0.000069 2.971908
0.000326 2.030969 0.000056 2.031351
0.000271 1.859741 0.000051 1.860063
0.000697 0.910861 0.000037 0.911595
0.001614 1.220457 0.000038 1.222109
0.001048 1.018204 0.000027 1.019279
0.000547 2.756378 0.000037 2.756962
0.000572 1.807271 0.000037 1.80788
0.000181 0.905808 0.000039 0.906028
0.000575 1.506138 0.000040 1.506753
0.000435 3.877407 0.000067 3.877909
0.000611 1.641403 0.000061 1.642075
0.000184 2.810066 0.000068 2.810318
0.000407 1.672212 0.000041 1.67266
0.000352 0.546379 0.000037 0.546768
0.000739 1.725133 0.000056 1.725928
0.000837 2.102485 0.000040 2.103362
0.000564 0.857569 0.000026 0.858159
0.000663 1.12992 0.000033 1.130616
0.000529 1.51051 0.000059 1.511098
0.001442 2.077684 0.000053 2.079179
0.000537 2.459157 0.000039 2.459733
0.000965 1.824476 0.000038 1.825479
0.000533 2.407703 0.000036 2.408272
0.001002 0.630606 0.000039 0.631647
0.000434 0.881052 0.000027 0.881513
0.001764 6.252839 0.000088 6.254691
0.000184 1.042275 0.000036 1.042495
0.002179 1.10325 0.000038 1.105467
0.000807 1.430598 0.000095 1.4315
0.00086 0.630236 0.000039 0.631135
0.000859 1.14273 0.000040 1.143629
0.001476 2.726721 0.000050 2.728247
0.00052 1.171556 0.000025 1.172101
0.000826 1.154957 0.000028 1.155811
0.00017 1.748778 0.000038 1.748986
0.000691 1.34324 0.000052 1.343983
0.001444 1.766659 0.000120 1.768223
0.002229 1.266403 0.000049 1.268681
0.000389 1.54147 0.000062 1.541921
0.000661 2.307169 0.000110 2.30794
0.000862 2.051961 0.000038 2.052861
0.000208 1.231555 0.000032 1.231795
0.000168 2.154232 0.000047 2.154447
0.002393 2.033062 0.000045 2.0355
0.000767 1.86764 0.000044 1.868451
0.000197 1.811993 0.000053 1.812243
0.000434 1.502252 0.000029 1.502715
0.000696 2.54187 0.000037 2.542603
0.000354 3.492071 0.000278 3.492703
0.002227 0.655196 0.000036 0.657459
0.000727 1.916767 0.000040 1.917534
0.000452 1.676936 0.000026 1.677414
0.000246 0.762445 0.000046 0.762737
0.001438 1.324485 0.000064 1.325987
0.000641 1.095107 0.000026 1.095774
0.000671 1.383783 0.000042 1.384496
0.000726 0.529595 0.000036 0.530357
0.000364 2.491064 0.000042 2.49147
0.000486 2.331667 0.000071 2.332224
0.000292 0.922704 0.000026 0.923022
0.000357 3.934945 0.000156 3.935458
0.002488 1.243526 0.000104 1.246118
0.000217 2.734149 0.000040 2.734406
0.000277 1.303598 0.000040 1.303915
0.001187 2.789568 0.000046 2.790801
0.000399 0.629813 0.000040 0.630252
0.000906 1.271762 0.000026 1.272694
0.000487 1.973386 0.000048 1.973921
0.000439 1.207516 0.000032 1.207987
0.001788 1.100346 0.000029 1.102163
0.000814 1.337724 0.000028 1.338566
0.000358 0.623319 0.000038 0.623715
0.001259 1.962782 0.000037 1.964078
0.000203 2.904627 0.000065 2.904895
0.0002 1.154497 0.000038 1.154735
0.000324 6.949362 0.000114 6.9498
0.000528 1.557932 0.000053 1.558513
0.001196 2.250775 0.000069 2.25204
0.001234 1.638045 0.000064 1.639343
0.000356 0.807143 0.000050 0.807549
0.000521 1.726623 0.000046 1.72719
0.000541 1.38276 0.000138 1.383439
0.000937 1.108289 0.000029 1.109255
0.000192 1.07338 0.000046 1.073618
0.001496 2.94174 0.000080 2.943316
0.002831 0.935256 0.000038 0.938125
0.000677 2.244509 0.000035 2.245221
0.000907 1.215074 0.000047 1.216028
0.001511 5.922086 0.000073 5.92367
0.00059 1.269805 0.000049 1.270444
0.000766 1.884141 0.000038 1.884945
0.000646 1.110368 0.000026 1.11104
0.000189 0.890015 0.000026 0.89023
0.001286 1.712567 0.000048 1.713901
0.000394 1.388041 0.000040 1.388475
0.001134 1.029568 0.000026 1.030728
0.000722 1.527536 0.000035 1.528293
0.001993 1.283264 0.000040 1.285297
0.000317 6.209084 0.000087 6.209488
0.000474 0.565182 0.000037 0.565693
0.000745 1.86248 0.000035 1.86326
0.000492 1.87865 0.000061 1.879203
0.000618 1.02607 0.000027 1.026715
0.001867 1.98338 0.000049 1.985296
0.000251 2.138825 0.000080 2.139156
0.000285 1.792798 0.000123 1.793206
0.002076 3.122521 0.000079 3.124676
0.00036 2.183741 0.000041 2.184142
0.000396 0.968719 0.000027 0.969142
0.000262 1.002677 0.000061 1.003
0.000172 1.26051 0.000027 1.260709
0.000572 1.399453 0.000038 1.400063
0.001715 1.12503 0.000026 1.126771
0.001286 1.373412 0.000048 1.374746
0.000968 1.489569 0.000048 1.490585
0.001927 1.231745 0.000030 1.233702
0.002431 0.973099 0.000053 0.975583
0.000584 1.095889 0.000037 1.09651
0.000896 2.270547 0.000037 2.27148
0.000338 0.780676 0.000030 0.781044
0.001165 3.77659 0.000055 3.77781
0.000241 1.361588 0.000043 1.361872
0.001264 2.441394 0.000083 2.442741
0.000698 2.33182 0.000040 2.332558
0.001171 1.47394 0.000039 1.47515
0.000708 1.138028 0.000073 1.138809
0.000365 0.420009 0.000048 0.420422
0.001125 0.950738 0.000048 0.951911
0.000626 1.285152 0.000032 1.28581
0.000238 1.055529 0.000084 1.055851
0.000466 1.039773 0.000024 1.040263
0.000373 1.026788 0.000026 1.027187
0.000168 2.147096 0.000037 2.147301
0.000775 0.8819 0.000058 0.882733
0.001115 1.799468 0.000054 1.800637
0.000258 0.963919 0.000026 0.964203
0.000827 0.937477 0.000037 0.938341
0.000228 0.966554 0.000026 0.966808
0.00085 2.619889 0.000057 2.620796
0.000713 0.886865 0.000052 0.88763
0.000691 1.782028 0.000038 1.782757
0.001725 1.153566 0.000038 1.155329
0.000442 0.942836 0.000045 0.943323
0.002361 1.506267 0.000038 1.508666
0.003221 1.124071 0.000027 1.127319
0.000356 1.911367 0.000045 1.911768
0.000174 2.409148 0.001877 2.411199
0.00049 2.511918 0.000072 2.51248
0.000312 0.739862 0.000068 0.740242
0.000889 1.716838 0.000061 1.717788
0.00038 1.144263 0.000041 1.144684
0.00028 3.138859 0.000098 3.139237
0.000259 1.154202 0.000028 1.154489
0.000165 1.991259 0.000049 1.991473
0.000893 1.677038 0.000050 1.677981
0.001072 0.924306 0.000030 0.925408
0.000174 1.534018 0.000043 1.534235
0.001906 3.5519 0.000085 3.553891
0.00061 0.594621 0.000047 0.595278
0.000186 0.533187 0.000056 0.533429
0.002633 3.129544 0.000069 3.132246
0.00113 0.530871 0.000062 0.532063
0.001592 1.217423 0.000070 1.219085
0.000275 2.549438 0.000053 2.549766
0.000749 3.127254 0.000047 3.12805
0.001118 1.052166 0.000035 1.053319
0.001081 2.230864 0.000050 2.231995
0.001177 1.394361 0.000038 1.395576
0.002107 1.78033 0.000036 1.782473
0.000222 1.111472 0.000053 1.111747
0.000879 1.644176 0.000037 1.645092
0.000941 0.470581 0.000061 0.471583
0.000349 1.037084 0.000045 1.037478
0.001326 1.207063 0.000031 1.20842
0.000422 1.171783 0.000025 1.17223
0.000395 2.252014 0.000063 2.252472
0.000233 1.590509 0.000104 1.590846
0.001601 1.257878 0.000026 1.259505
0.001046 0.995588 0.000029 0.996663
0.00204 1.558737 0.000083 1.56086
0.001259 1.080607 0.000038 1.081904
0.001212 1.569679 0.000038 1.570929
0.000342 1.996733 0.000080 1.997155
0.0011 1.352076 0.000059 1.353235
0.000928 0.949142 0.000045 0.950115
0.001067 3.925664 0.000048 3.926779
0.000893 2.126492 0.000049 2.127434
0.000864 3.150985 0.000065 3.151914
0.000207 0.893845 0.000026 0.894078
0.001062 0.898834 0.000026 0.899922
0.001035 1.497984 0.000041 1.49906
0.000316 1.079298 0.000027 1.079641
0.001061 2.414088 0.000051 2.4152
0.000523 0.57673 0.000091 0.577344
0.000938 1.932981 0.000037 1.933956
0.00194 1.592195 0.000046 1.594181
0.000352 1.009658 0.000031 1.010041
0.001371 0.443797 0.000052 0.44522
0.000297 1.461534 0.000039 1.46187
0.000218 0.86472 0.000037 0.864975
0.000678 0.968569 0.000029 0.969276
0.000234 2.13941 0.000035 2.139679
0.000598 1.328579 0.000038 1.329215
0.000401 1.220986 0.000040 1.221427
0.000298 1.826736 0.000052 1.827086
0.000161 0.889101 0.000027 0.889289
0.000373 2.639168 0.000040 2.639581
0.001355 0.890044 0.000024 0.891423
0.000309 3.25308 0.000058 3.253447
0.001735 1.118978 0.000039 1.120752
0.000952 1.935144 0.000035 1.936131
0.000314 3.321448 0.000057 3.321819
0.001134 1.301287 0.000046 1.302467
0.000486 1.41915 0.000096 1.419732
0.00025 1.269174 0.000041 1.269465
0.000195 1.02427 0.000030 1.024495
0.001147 1.135898 0.000028 1.137073
0.000261 3.493617 0.000047 3.493925
0.000287 1.386124 0.000091 1.386502
0.00163 0.940195 0.000047 0.941872
0.000647 1.791708 0.000051 1.792406
0.000374 0.958416 0.000046 0.958836
0.000621 1.968498 0.000039 1.969158
0.000201 1.215377 0.000037 1.215615
0.000197 1.141268 0.000046 1.141511
0.00047 2.268014 0.000039 2.268523
0.0002 0.702829 0.000049 0.703078
0.000351 0.872091 0.000024 0.872466
0.000201 1.782743 0.000048 1.782992
0.001256 1.735031 0.000041 1.736328
0.000923 1.967012 0.000066 1.968001
0.00029 1.084647 0.000026 1.084963
0.000262 2.06149 0.000054 2.061806
0.000501 1.226293 0.000033 1.226827
0.000977 1.680488 0.000057 1.681522
0.000324 1.88342 0.000063 1.883807
0.000994 1.655281 0.000074 1.656349
0.000273 2.932869 0.000048 2.93319
0.000269 1.040548 0.000048 1.040865
0.000722 1.74455 0.000060 1.745332
0.002687 1.512123 0.000038 1.514848
0.000846 5.716847 0.000083 5.717776
0.000481 1.075158 0.000050 1.075689
0.000429 1.153727 0.000025 1.154181
0.000202 0.50246 0.000052 0.502714
0.000182 2.230316 0.000070 2.230568
0.000765 0.847683 0.000043 0.848491
0.000386 1.648058 0.000087 1.648531
0.000775 1.211221 0.000042 1.212038
0.00076 2.387054 0.000050 2.387864
0.0003 2.049775 0.000039 2.050114
0.000611 0.9291 0.000046 0.929757
0.000927 2.811276 0.000052 2.812255
0.000593 1.717755 0.000051 1.718399
0.001931 1.035351 0.000042 1.037324
0.000772 1.650576 0.000039 1.651387
0.000231 2.017913 0.000035 2.018179
0.001483 1.616868 0.000046 1.618397
0.000595 0.495703 0.000056 0.496354
0.001596 1.203483 0.000039 1.205118
0.001326 1.108283 0.000029 1.109638
0.001324 1.028339 0.000037 1.0297
0.000383 1.041626 0.000036 1.042045
0.000252 1.079599 0.000026 1.079877
0.001122 0.854221 0.000026 0.855369
0.002577 1.766686 0.000047 1.76931
0.001792 0.926874 0.000039 0.928705
0.000214 0.684642 0.000047 0.684903
0.001483 0.568873 0.000062 0.570418
0.000177 0.591761 0.000050 0.591988
0.000233 1.179355 0.000033 1.179621
0.001173 1.071791 0.000025 1.072989
0.000653 0.964198 0.000026 0.964877
0.00064 1.013816 0.000026 1.014482
0.000715 2.754312 0.000053 2.75508
0.000902 1.169844 0.000033 1.170779
0.001782 1.847701 0.000037 1.84952
0.000564 1.969845 0.000043 1.970452
0.000151 1.776783 0.000043 1.776977
0.000252 0.919765 0.000028 0.920045
0.001524 1.130762 0.000043 1.132329
0.000319 2.45065 0.000080 2.451049
0.003271 0.60423 0.000065 0.607566
0.001572 1.843208 0.000085 1.844865
0.00019 0.673821 0.000047 0.674058
0.001451 2.442758 0.000049 2.444258
0.00056 1.152693 0.000041 1.153294
0.00063 1.073753 0.000026 1.074409
0.000293 2.996216 0.000044 2.996553
0.000657 2.498161 0.000046 2.498864
0.000247 3.413356 0.000048 3.413651
0.001768 2.126409 0.000055 2.128232
0.000179 1.008734 0.000028 1.008941
0.000171 1.124232 0.000037 1.12444
0.000787 1.935234 0.000036 1.936057
0.000528 4.649091 0.000203 4.649822
0.000691 0.963712 0.000028 0.964431
0.000242 0.947919 0.000030 0.948191
0.001201 3.257902 0.000052 3.259155
0.000843 2.050757 0.000052 2.051652
0.000853 1.057509 0.000043 1.058405
0.000385 1.819916 0.000049 1.82035
0.00059 0.983162 0.000043 0.983795
0.001108 0.965083 0.000028 0.966219
0.000214 1.188115 0.000036 1.188365
0.000185 1.27796 0.000025 1.27817
0.000173 1.82155 0.000035 1.821758
0.000218 1.115969 0.000026 1.116213
0.000179 1.750657 0.000214 1.75105
0.001137 2.201137 0.000040 2.202314
0.000558 5.54143 0.000122 5.54211
0.001803 0.493801 0.000046 0.49565
0.000176 0.877389 0.000037 0.877602
0.00019 5.376229 0.000100 5.376519
0.000964 1.784937 0.000043 1.785944
0.000327 2.905624 0.000044 2.905995
0.000404 2.258699 0.000039 2.259142
0.00075 1.041968 0.000034 1.042752
0.001144 1.350284 0.000068 1.351496
0.000186 2.276196 0.000056 2.276438
0.000628 1.655918 0.000037 1.656583
0.000195 0.908025 0.000040 0.90826
0.002421 3.586242 0.000046 3.588709
0.001341 1.029408 0.000038 1.030787
0.001376 3.138757 0.000122 3.140255
0.000223 1.033386 0.000039 1.033648
0.000312 0.883866 0.000034 0.884212
0.001944 1.734899 0.000039 1.736882
0.000201 2.353083 0.000035 2.353319
0.000362 1.926113 0.000045 1.92652
0.000769 1.136456 0.000033 1.137258
0.000716 0.909212 0.000042 0.90997
0.000364 2.702763 0.000121 2.703248
0.00196 1.126382 0.000043 1.128385
0.000259 1.883236 0.000044 1.883539
0.000388 0.929436 0.000049 0.929873
0.000971 1.584171 0.000038 1.58518
0.000499 2.802608 0.000048 2.803155
0.000685 1.140261 0.000034 1.14098
0.000462 3.32736 0.000072 3.327894
0.001256 4.666331 0.000113 4.6677
0.000459 1.726238 0.000048 1.726745
0.000347 2.028778 0.000061 2.029186
0.001272 1.932649 0.000037 1.933958
0.000499 1.990251 0.000045 1.990795
0.001023 1.147487 0.000026 1.148536
0.000181 1.373421 0.000050 1.373652
0.000462 0.852652 0.000026 0.85314
0.000781 0.63302 0.000037 0.633838
0.000276 0.921479 0.000073 0.921828
0.001381 2.403079 0.000047 2.404507
0.001313 1.269425 0.000026 1.270764
0.000276 1.628872 0.000082 1.62923
0.001527 2.573047 0.000035 2.574609
0.000993 3.350478 0.000046 3.351517
0.000666 2.54642 0.000037 2.547123
0.000588 3.127283 0.000085 3.127956
0.001227 0.983308 0.000047 0.984582
0.000232 1.228014 0.000028 1.228274
0.000888 0.774222 0.000046 0.775156
0.00028 1.378819 0.000113 1.379212
0.000524 2.980906 0.000048 2.981478
0.001356 1.02672 0.000037 1.028113
0.001243 1.904735 0.000037 1.906015
0.000273 2.199829 0.000039 2.200141
0.002458 1.064167 0.000028 1.066653
0.000494 0.57566 0.000052 0.576206
0.000376 0.498502 0.000063 0.498941
0.001243 1.051211 0.000031 1.052485
0.000473 1.025291 0.000027 1.025791
0.003618 0.93864 0.000028 0.942286
0.001009 0.903931 0.000028 0.904968
0.00019 3.177732 0.000057 3.177979
0.001572 0.487332 0.000037 0.488941
0.000365 1.196102 0.000026 1.196493
0.001544 2.777855 0.000080 2.779479
0.000278 1.281502 0.000026 1.281806
0.000296 2.017896 0.000039 2.018231
0.001037 1.154646 0.000045 1.155728
0.000614 0.92867 0.000050 0.929334
0.000689 1.364844 0.000041 1.365574
0.001106 1.607501 0.000069 1.608676
0.000324 1.183203 0.000038 1.183565
0.000706 0.471498 0.000047 0.472251
0.000276 1.587623 0.000085 1.587984
0.001809 0.474715 0.000071 0.476595
0.002216 2.114069 0.000041 2.116326
0.00064 1.735298 0.000050 1.735988
0.000147 1.063222 0.000027 1.063396
0.000679 1.082653 0.000036 1.083368
0.000834 2.061156 0.000036 2.062026
0.002349 1.682993 0.000037 1.685379
0.000324 1.192518 0.000029 1.192871
0.001013 0.475049 0.000065 0.476127
0.00106 2.154083 0.000065 2.155208
0.001669 0.979899 0.000056 0.981624
0.000523 0.65789 0.000060 0.658473
0.003886 0.701229 0.000112 0.705227
0.000548 0.952826 0.000027 0.953401
0.000851 2.049846 0.000049 2.050746
0.000381 1.963322 0.000060 1.963763
0.001775 2.132712 0.000068 2.134555
0.002178 1.170874 0.000034 1.173086
0.0004 1.151263 0.000032 1.151695
0.000545 1.142206 0.000026 1.142777
0.000871 5.064439 0.000076 5.065386
0.000286 1.573211 0.000071 1.573568
0.000945 0.8658 0.000032 0.866777
0.000247 1.0116 0.000046 1.011893
0.001045 1.168312 0.000026 1.169383
0.000751 2.142291 0.000037 2.143079
0.000657 2.402725 0.000036 2.403418
0.000305 1.662651 0.000036 1.662992
0.000736 2.179831 0.000061 2.180628
0.000223 2.406116 0.000047 2.406386
0.000926 1.036104 0.000027 1.037057
0.001551 2.221382 0.000046 2.222979
0.000325 0.833355 0.000034 0.833714
0.001422 0.427753 0.000053 0.429228
0.001305 2.56317 0.000045 2.56452
0.001042 1.162818 0.000145 1.164005
0.000754 1.291169 0.000024 1.291947
0.000739 0.501179 0.000047 0.501965
0.000606 1.077521 0.000027 1.078154
0.000552 2.195631 0.000044 2.196227
0.000433 1.166122 0.000026 1.166581
0.000294 4.370579 0.000072 4.370945
0.000831 1.315708 0.000039 1.316578
0.000378 1.520147 0.000047 1.520572
0.000357 1.175712 0.000058 1.176127
0.001613 1.020236 0.000044 1.021893
0.000185 1.141573 0.000026 1.141784
0.000875 0.853442 0.000028 0.854345
0.000934 2.541269 0.000041 2.542244
0.001702 1.100157 0.000132 1.101991
0.00048 1.384278 0.000038 1.384796
0.000666 1.198116 0.000035 1.198817
0.000783 2.250479 0.000036 2.251298
0.001398 0.628643 0.000037 0.630078
0.000782 1.262877 0.000040 1.263699
0.001093 1.16732 0.000059 1.168472
0.001958 1.326708 0.000047 1.328713
0.001818 2.27101 0.000038 2.272866
0.001061 1.515611 0.000036 1.516708
0.000281 0.50031 0.000049 0.50064
0.000501 2.342057 0.000042 2.3426
0.001301 2.239415 0.000071 2.240787
0.00058 1.200855 0.000056 1.201491
0.000296 2.791096 0.000054 2.791446
0.00067 1.497796 0.000070 1.498536
0.000618 1.707745 0.000057 1.70842
0.000407 0.74488 0.000076 0.745363
0.001239 1.47418 0.000044 1.475463
0.000278 1.380336 0.000027 1.380641
0.000231 3.066215 0.000070 3.066516
0.000888 1.044613 0.000035 1.045536
0.000457 1.963975 0.000035 1.964467
0.001142 1.016282 0.000027 1.017451
0.001059 2.668751 0.000049 2.669859
0.000471 1.126378 0.000038 1.126887
0.000438 1.752676 0.000040 1.753154
0.000396 1.124011 0.000038 1.124445
0.000925 1.109166 0.000026 1.110117
0.00227 1.635715 0.000037 1.638022
0.000993 1.668524 0.000069 1.669586
0.000231 1.715091 0.000039 1.715361
0.000205 2.539109 0.000036 2.53935
0.000682 2.743524 0.000069 2.744275
0.000377 1.232865 0.000038 1.23328
0.000189 1.313224 0.000026 1.313439
0.000791 1.224267 0.000026 1.225084
0.001227 2.624363 0.000061 2.625651
0.001117 1.401935 0.000025 1.403077
0.000616 1.081327 0.000034 1.081977
0.000754 1.125882 0.000036 1.126672
0.000548 1.948707 0.000047 1.949302
0.000168 1.489466 0.000042 1.489676
0.000612 1.678362 0.000036 1.67901
0.000359 1.767999 0.000057 1.768415
0.000187 1.5175 0.000038 1.517725
0.001407 1.225325 0.000075 1.226807
0.000223 0.514072 0.000036 0.514331
0.001056 1.258405 0.000090 1.259551
0.000193 1.058792 0.000026 1.059011
0.000605 1.184555 0.000031 1.185191
0.000965 1.240162 0.000038 1.241165
0.00058 1.545882 0.000078 1.54654
0.000653 0.986703 0.000027 0.987383
0.000438 2.050506 0.000036 2.05098
0.000483 1.65717 0.000041 1.657694
0.000195 1.787826 0.000053 1.788074
0.000313 1.248147 0.000024 1.248484
0.00038 2.047068 0.000042 2.04749
0.000847 1.196712 0.000037 1.197596
0.001114 3.609903 0.000056 3.611073
0.001837 1.020154 0.000038 1.022029
0.002156 0.786446 0.000068 0.78867
0.000224 1.357639 0.000072 1.357935
0.000245 2.904814 0.000046 2.905105
0.000376 2.125948 0.000122 2.126446
0.000727 2.11306 0.000055 2.113842
0.000288 1.540867 0.000037 1.541192
0.00016 1.033312 0.000035 1.033507
0.00026 1.021211 0.000049 1.02152
0.00055 1.060549 0.000034 1.061133
0.001481 1.123339 0.000026 1.124846
0.000197 1.156741 0.000027 1.156965
0.000369 1.524515 0.000039 1.524923
0.001587 1.95703 0.000039 1.958656
0.000359 2.035418 0.000046 2.035823
0.000487 0.997152 0.000027 0.997666
0.000983 0.882999 0.000044 0.884026
0.000393 2.295085 0.000037 2.295515
0.000182 1.779487 0.000037 1.779706
0.000861 0.937512 0.000030 0.938403
0.001234 2.42528 0.000055 2.426569
0.000413 1.177391 0.000040 1.177844
0.000323 1.381887 0.000026 1.382236
0.001618 0.967925 0.000030 0.969573
0.000411 0.989918 0.000031 0.99036
0.000353 1.931717 0.000036 1.932106
0.000806 1.227153 0.000062 1.228021
0.000893 1.652523 0.000037 1.653453
0.000268 0.513142 0.000044 0.513454
0.000304 1.154769 0.000056 1.155129
0.001412 1.030082 0.000047 1.031541
0.000658 1.237229 0.000036 1.237923
0.000424 0.929667 0.000047 0.930138
0.000425 1.729098 0.000050 1.729573
0.000364 1.617986 0.000035 1.618385
0.001383 1.740023 0.000036 1.741442
0.000475 2.328752 0.000060 2.329287
0.000676 5.965805 0.000087 5.966568
0.000328 2.408586 0.000048 2.408962
0.001229 1.884954 0.000069 1.886252
0.000604 1.716627 0.000053 1.717284
0.004306 3.560744 0.000056 3.565106
0.000309 1.17334 0.000029 1.173678
0.000372 1.193287 0.000054 1.193713
0.001025 2.063918 0.000039 2.064982
0.000413 1.161331 0.000041 1.161785
0.001351 0.950589 0.000041 0.951981
0.001039 1.106763 0.000090 1.107892
0.000304 2.060872 0.000063 2.061239
0.000358 1.07519 0.000043 1.075591
0.002099 2.890643 0.000047 2.892789
0.00081 1.05164 0.000040 1.05249
0.000412 1.054027 0.000033 1.054472
0.000708 3.32905 0.000071 3.329829
0.00111 0.999049 0.000056 1.000215
0.00052 0.489914 0.000059 0.490493
0.000231 1.684989 0.000038 1.685258
0.000469 1.20747 0.000027 1.207966
0.000259 2.378472 0.000043 2.378774
0.002137 1.129221 0.000042 1.1314
0.000209 2.110387 0.000094 2.11069
0.0007 1.463316 0.000046 1.464062
0.000235 1.816953 0.000038 1.817226
0.001256 2.457765 0.000075 2.459096
0.001111 2.782391 0.000063 2.783565
0.000913 1.330807 0.000065 1.331785
0.003331 0.742069 0.000046 0.745446
0.000499 1.292561 0.000028 1.293088
0.000208 1.455591 0.000036 1.455835
0.001801 2.58569 0.000079 2.58757
0.000504 1.120141 0.000048 1.120693
0.000821 2.033554 0.000035 2.03441
0.000175 1.492021 0.000040 1.492236
0.000532 0.867427 0.000024 0.867983
0.000307 2.543268 0.000065 2.54364
0.000283 2.170622 0.000079 2.170984
0.001009 1.105767 0.000025 1.106801
0.000886 2.221535 0.000049 2.22247
0.000199 0.936 0.000025 0.936224
0.000559 1.709793 0.000039 1.710391
0.00047 1.079477 0.000029 1.079976
0.001206 1.014267 0.000025 1.015498
0.001966 5.260277 0.000098 5.262341
0.000712 5.848644 0.000103 5.849459
0.000318 1.688835 0.000065 1.689218
0.000262 1.276377 0.000026 1.276665
0.000371 2.32331 0.000081 2.323762
0.00028 1.479735 0.000037 1.480052
0.000442 1.072558 0.000041 1.073041
0.001232 3.975485 0.000164 3.976881
0.000318 2.365418 0.000040 2.365776
0.001082 2.684569 0.000137 2.685788
0.002716 1.965457 0.000101 1.968274
0.003717 4.007755 0.000154 4.011626
0.000376 1.374084 0.000038 1.374498
0.001989 1.278007 0.000037 1.280033
0.001661 1.118092 0.000029 1.119782
0.003236 2.25092 0.000046 2.254202
0.000702 0.906452 0.000026 0.90718
0.000303 0.569952 0.000052 0.570307
0.00038 1.876042 0.000037 1.876459
0.001435 0.996228 0.000042 0.997705
0.001796 1.821699 0.000037 1.823532
0.000842 1.022458 0.000035 1.023335
0.001434 1.048971 0.000026 1.050431
0.000434 1.630081 0.000038 1.630553
0.000188 0.842123 0.000026 0.842337
0.000498 1.168828 0.000064 1.16939
0.000163 0.942843 0.000027 0.943033
0.00088 1.6851 0.000037 1.686017
0.00044 2.33952 0.000043 2.340003
0.001196 1.601449 0.000046 1.602691
0.001137 1.895902 0.000063 1.897102
0.000779 2.047229 0.000064 2.048072
0.001706 1.844236 0.000052 1.845994
0.001637 0.418072 0.000060 0.419769
0.00019 1.752132 0.000054 1.752376
0.000447 0.939303 0.000025 0.939775
0.000472 2.542151 0.000045 2.542668
0.000883 1.05705 0.000035 1.057968
0.000347 2.184134 0.000051 2.184532
0.000169 1.090797 0.000049 1.091015
0.000394 2.280923 0.000133 2.28145
0.000859 1.135556 0.000026 1.136441
0.000932 6.719104 0.000099 6.720135
0.001062 0.579752 0.000037 0.580851
0.001517 1.284026 0.000037 1.28558
0.000275 1.046811 0.000056 1.047142
0.001462 0.990086 0.000031 0.991579
0.002135 1.082157 0.000088 1.08438
0.000473 2.451166 0.000096 2.451735
0.000812 1.828091 0.000056 1.828959
0.000712 1.278613 0.000048 1.279373
0.000482 4.709649 0.000071 4.710202
0.000939 3.086881 0.000038 3.087858
0.000814 1.659852 0.000048 1.660714
0.001848 0.619124 0.000045 0.621017
0.000997 2.388697 0.000052 2.389746
0.000453 1.372332 0.000032 1.372817
0.000791 1.352843 0.008236 1.36187
0.002675 3.200131 0.000130 3.202936
0.000974 1.390155 0.000033 1.391162
0.001602 1.284967 0.000039 1.286608
0.00099 2.720112 0.000098 2.7212
0.000494 0.892698 0.000114 0.893306
0.002178 1.573621 0.000033 1.575832
0.00282 1.863172 0.000040 1.866032
0.000213 3.126833 0.000067 3.127113
0.00185 1.731798 0.000050 1.733698
0.000448 2.255018 0.000101 2.255567
0.000583 3.269903 0.000161 3.270647
0.000355 1.777001 0.000030 1.777386
0.000503 1.224614 0.000034 1.225151
0.000375 1.147481 0.000072 1.147928
0.000471 2.570682 0.000141 2.571294
0.00024 2.83563 0.000056 2.835926
0.001435 1.679024 0.000039 1.680498
0.005958 1.631951 0.000191 1.6381
0.002523 1.573298 0.000069 1.57589
0.000887 1.821489 0.000042 1.822418
0.001415 1.251538 0.000063 1.253016
0.000426 1.651926 0.000071 1.652423
0.000609 1.814772 0.000090 1.815471
0.001139 3.264646 0.000074 3.265859
0.001126 3.400719 0.000067 3.401912
0.002429 3.044117 0.000197 3.046743
0.001222 3.437982 0.000055 3.439259
0.000779 5.852369 0.000079 5.853227
0.000827 3.238473 0.000052 3.239352
0.000541 5.813992 0.000263 5.814796
0.003677 7.732009 0.000086 7.735772
0.001251 3.246813 0.000081 3.248145
0.003787 1.682754 0.000051 1.686592
0.002305 2.609999 0.000174 2.612478
0.000437 0.728933 0.000096 0.729466
0.001954 3.295279 0.000117 3.29735
0.00059 1.582935 0.000136 1.583661
0.001264 1.421789 0.000066 1.423119
0.001145 1.90198 0.000046 1.903171
0.000181 2.869438 0.000057 2.869676
0.000411 1.26942 0.000028 1.269859
0.000342 1.408584 0.000047 1.408973
0.001621 6.735901 0.000103 6.737625
0.001406 1.852684 0.000053 1.854143
0.000884 1.535079 0.000306 1.536269
0.001991 1.074342 0.000079 1.076412
0.001513 2.887455 0.000082 2.88905
0.000455 1.312366 0.000059 1.31288
0.001677 0.815841 0.000058 0.817576
0.001493 1.333637 0.000060 1.33519
0.003274 2.289173 0.000059 2.292506
0.000768 2.686933 0.000073 2.687774
0.000627 2.758364 0.000069 2.75906
0.001219 3.090671 0.000215 3.092105
0.000503 4.428504 0.000069 4.429076
0.000821 2.387266 0.000084 2.388171
0.001661 2.44836 0.000288 2.450309
0.003438 2.070571 0.000176 2.074185
0.002016 3.355121 0.000101 3.357238
0.000643 4.019702 0.000186 4.020531
0.001702 3.504816 0.000095 3.506613
0.004797 2.161795 0.000149 2.166741
0.000983 2.486413 0.000074 2.48747
0.002502 5.302426 0.000070 5.304998
0.001216 4.099636 0.000197 4.101049
0.002124 2.621945 0.000272 2.624341
0.000268 1.942302 0.000039 1.942609
0.001475 1.220122 0.000049 1.221646
0.001597 4.388852 0.000176 4.390625
0.002682 0.901253 0.000047 0.903982
0.000551 3.848786 0.000084 3.849421
0.000313 2.330506 0.000367 2.331186
0.00211 2.388554 0.000159 2.390823
0.00054 1.848823 0.000049 1.849412
0.000946 2.148403 0.000159 2.149508
0.000565 3.293516 0.000056 3.294137
0.002315 1.318462 0.000135 1.320912
0.001354 1.228747 0.000064 1.230165
0.000352 1.113311 0.000028 1.113691
0.000169 3.225846 0.000145 3.22616
0.003775 3.017207 0.000183 3.021165
0.000647 3.072461 0.000316 3.073424
0.001928 2.836343 0.000055 2.838326
0.001412 6.330517 0.000224 6.332153
0.002054 2.089257 0.000045 2.091356
0.001373 1.268458 0.000029 1.26986
0.000453 2.195631 0.000037 2.196121
0.001611 0.917981 0.000030 0.919622
0.001571 1.097217 0.000045 1.098833
0.000714 1.69278 0.000035 1.693529
0.000516 1.650254 0.000034 1.650804
0.000225 0.86267 0.000047 0.862942
0.001851 0.505391 0.000035 0.507277
0.002412 4.232143 0.000068 4.234623
0.000514 0.478291 0.000044 0.478849
0.000255 0.410934 0.000037 0.411226
0.000962 0.789312 0.000037 0.790311
0.000649 0.385601 0.000034 0.386284
0.000185 1.12596 0.000046 1.126191
0.000258 0.877555 0.000023 0.877836
0.000232 1.156809 0.000034 1.157075
0.000322 0.849719 0.000027 0.850068
0.000374 0.763361 0.000026 0.763761
0.001619 1.852074 0.000034 1.853727
0.00075 1.155751 0.000037 1.156538
0.000409 2.28863 0.000052 2.289091
0.000247 1.050426 0.000046 1.050719
0.000831 1.076744 0.000023 1.077598
0.000243 2.891188 0.000047 2.891478
0.000671 4.524702 0.000063 4.525436
0.000537 1.583441 0.000040 1.584018
0.000254 2.359665 0.000036 2.359955
0.00068 1.805651 0.000037 1.806368
0.000319 1.085987 0.000026 1.086332
0.000159 5.477298 0.000075 5.477532
0.000639 0.8878 0.000036 0.888475
0.000858 2.921061 0.000048 2.921967
0.00015 0.810861 0.000028 0.811039
0.00124 0.559279 0.000045 0.560564
0.00124 1.070568 0.000024 1.071832
0.000161 0.813383 0.000028 0.813572
0.000621 1.527137 0.000041 1.527799
0.000325 1.674813 0.000036 1.675174
0.000482 0.872541 0.000051 0.873074
0.000693 2.246818 0.000034 2.247545
0.000555 1.675377 0.000040 1.675972
0.000167 1.039045 0.000025 1.039237
0.001706 1.010717 0.000027 1.01245
0.000302 0.916116 0.000042 0.91646
0.000776 1.489148 0.000071 1.489995
0.000836 1.445785 0.000028 1.446649
0.000372 0.913714 0.000025 0.914111
0.001315 0.395705 0.000036 0.397056
0.001601 1.880812 0.000039 1.882452
0.000347 0.906383 0.000028 0.906758
0.000664 1.657262 0.000038 1.657964
0.001324 4.764988 0.000046 4.766358
0.000676 2.552608 0.000036 2.55332
0.000151 1.052821 0.000037 1.053009
0.000312 2.124693 0.000038 2.125043
0.002455 1.021929 0.000043 1.024427
0.001181 0.848309 0.000040 0.84953
0.001269 2.064179 0.000045 2.065493
0.000354 1.555673 0.000070 1.556097
0.001941 0.387606 0.000046 0.389593
0.000659 0.870028 0.000025 0.870712
0.000178 0.411778 0.000037 0.411993
0.002864 1.722571 0.000035 1.72547
0.000586 0.944613 0.000029 0.945228
0.000575 1.142689 0.000038 1.143302
0.000547 1.070644 0.000062 1.071253
0.000424 1.650508 0.000046 1.650978
0.000176 2.175386 0.000036 2.175598
0.000607 0.98419 0.000030 0.984827
0.000509 1.405441 0.000044 1.405994
0.001123 0.812732 0.000047 0.813902
0.000236 1.046923 0.000025 1.047184
0.001426 2.020091 0.000041 2.021558
0.000334 1.059663 0.000024 1.060021
0.001136 1.177389 0.000039 1.178564
0.000184 0.392003 0.000036 0.392223
0.001389 2.096293 0.000064 2.097746
0.001335 0.833434 0.000025 0.834794
0.000718 2.146736 0.000035 2.147489
0.000574 1.927818 0.000034 1.928426
0.001445 0.382371 0.000038 0.383854
0.000669 0.986015 0.000037 0.986721
0.000424 0.999498 0.000027 0.999949
0.000598 1.775706 0.000033 1.776337
0.000333 1.811845 0.000041 1.812219
0.001303 3.498079 0.000045 3.499427
0.000163 1.879131 0.000044 1.879338
0.000814 2.291325 0.000043 2.292182
0.000446 0.7689 0.000028 0.769374
0.000522 0.83987 0.000029 0.840421
0.000141 1.333866 0.000036 1.334043
0.00067 0.468122 0.000040 0.468832
0.000534 0.973678 0.000024 0.974236
0.000462 0.463337 0.000044 0.463843
0.001204 1.170852 0.000072 1.172128
0.001544 0.856277 0.000027 0.857848
0.001623 1.183346 0.000037 1.185006
0.000143 1.365261 0.000037 1.365441
0.000198 0.419046 0.000036 0.41928
0.000481 1.576229 0.000046 1.576756
0.002368 0.41715 0.000038 0.419556
0.000284 0.982985 0.000036 0.983305
0.001048 1.084252 0.000039 1.085339
0.000527 1.147906 0.000026 1.148459
0.000708 0.586586 0.000046 0.58734
0.001118 1.765391 0.000035 1.766544
0.000236 0.801141 0.000025 0.801402
0.000618 1.75029 0.000046 1.750954
0.000418 0.870145 0.000027 0.87059
0.000819 1.789191 0.000047 1.790057
0.000171 0.956585 0.000031 0.956787
0.000717 2.009412 0.000036 2.010165
0.000158 2.849982 0.000045 2.850185
0.00058 1.945448 0.000045 1.946073
0.000368 0.714301 0.000028 0.714697
0.000952 1.59836 0.000036 1.599348
0.000201 1.071043 0.000037 1.071281
0.001162 0.867288 0.000040 0.86849
0.000879 1.944389 0.000036 1.945304
0.000265 1.867008 0.000037 1.86731
0.000351 2.109435 0.000037 2.109823
0.000573 3.133253 0.000051 3.133877
0.000836 0.814565 0.000024 0.815425
0.000143 1.400198 0.000039 1.40038
0.000229 0.482286 0.000035 0.48255
0.000224 1.53323 0.000038 1.533492
0.000832 1.588611 0.000041 1.589484
0.000279 2.997344 0.000046 2.997669
0.00088 1.407946 0.000037 1.408863
0.000153 1.550462 0.000040 1.550655
0.000414 1.013524 0.000035 1.013973
0.00137 0.909437 0.000026 0.910833
0.000155 1.23187 0.000038 1.232063
0.000146 2.256868 0.000064 2.257078
0.000556 1.89557 0.000048 1.896174
0.001183 1.516137 0.000037 1.517357
0.00176 0.920691 0.000049 0.9225
0.000173 2.632645 0.000049 2.632867
0.000483 1.065798 0.000024 1.066305
0.000384 1.180053 0.000039 1.180476
0.00115 0.740506 0.000046 0.741702
0.000319 4.988765 0.000067 4.989151
0.0012 0.845295 0.000024 0.846519
0.000301 1.78702 0.000036 1.787357
0.000162 1.8427 0.000037 1.842899
0.000487 1.056125 0.000026 1.056638
0.000503 2.297388 0.000066 2.297957
0.000483 1.104234 0.000028 1.104745
0.002375 1.171731 0.000054 1.17416
0.00035 1.874429 0.000034 1.874813
0.001701 1.865553 0.000038 1.867292
0.000905 1.224178 0.000039 1.225122
0.000314 2.846162 0.000047 2.846523
0.000431 0.930303 0.000035 0.930769
0.000633 1.331382 0.000047 1.332062
0.000557 0.538143 0.000048 0.538748
0.000259 0.906902 0.000030 0.907191
0.001264 1.020535 0.000025 1.021824
0.000166 1.69375 0.000039 1.693955
0.000816 0.915181 0.000027 0.916024
0.000231 1.602594 0.000070 1.602895
0.001358 0.389606 0.000039 0.391003
0.002246 1.475702 0.000035 1.477983
0.000373 0.779255 0.000027 0.779655
0.000214 4.721153 0.000261 4.721628
0.001046 2.288098 0.000049 2.289193
0.000487 0.936523 0.000037 0.937047
0.000327 2.873018 0.000050 2.873395
0.000362 1.523625 0.000036 1.524023
0.000727 0.916548 0.000031 0.917306
0.000295 2.221012 0.000048 2.221355
0.000383 0.926164 0.000039 0.926586
0.000248 0.535564 0.000055 0.535867
0.000342 2.487686 0.000093 2.488121
0.001504 1.08517 0.000047 1.086721
0.00069 1.619701 0.000053 1.620444
0.000278 0.931667 0.000048 0.931993
0.000542 0.896131 0.000025 0.896698
0.000476 1.131341 0.000046 1.131863
0.000522 1.711196 0.000076 1.711794
0.000669 1.883859 0.000038 1.884566
0.000343 1.03111 0.000048 1.031501
0.000263 0.802613 0.000029 0.802905
0.000599 0.943674 0.000026 0.944299
0.000807 1.086815 0.000025 1.087647
0.001598 1.164216 0.000025 1.165839
0.002161 1.046669 0.000026 1.048856
0.000263 0.403234 0.000036 0.403533
0.000402 2.332477 0.000053 2.332932
0.000182 6.379606 0.000092 6.37988
0.000286 1.318971 0.000038 1.319295
0.000303 1.570965 0.000041 1.571309
0.00044 0.511526 0.000049 0.512015
0.000911 1.882285 0.000036 1.883232
0.000518 1.81027 0.000035 1.810823
0.000274 4.582104 0.000094 4.582472
0.000591 1.438725 0.000053 1.439369
0.000519 1.178781 0.000036 1.179336
0.001008 1.088533 0.000025 1.089566
0.000305 0.789821 0.000025 0.790151
0.000149 0.839135 0.000030 0.839314
0.000889 3.174126 0.000049 3.175064
0.000873 0.433156 0.000035 0.434064
0.000318 0.950051 0.000026 0.950395
0.000627 1.522635 0.000083 1.523345
0.000675 0.789065 0.000027 0.789767
0.000538 0.833877 0.000027 0.834442
0.000463 1.077769 0.000036 1.078268
0.001417 1.166374 0.000046 1.167837
0.000432 0.898847 0.000035 0.899314
0.001043 0.738416 0.000027 0.739486
0.001187 1.066883 0.000025 1.068095
0.000321 0.956773 0.000026 0.95712
0.000348 1.526996 0.000037 1.527381
0.000986 1.54254 0.000038 1.543564
0.000545 1.067621 0.000029 1.068195
0.000261 1.811093 0.000035 1.811389
0.000747 0.820022 0.000025 0.820794
0.00069 3.05148 0.000063 3.052233
0.000532 0.889462 0.000024 0.890018
0.000261 1.16678 0.000040 1.167081
0.000342 1.889397 0.000035 1.889774
0.001017 0.907355 0.000033 0.908405
0.000269 1.37993 0.000037 1.380236
0.000819 1.1106 0.000025 1.111444
0.001216 1.709487 0.000039 1.710742
0.000302 0.854399 0.000047 0.854748
0.000548 3.190961 0.000063 3.191572
0.000563 0.979146 0.000027 0.979736
0.000183 0.99114 0.000037 0.99136
0.000323 0.46912 0.000055 0.469498
0.000308 1.66 0.000038 1.660346
0.000215 0.77053 0.000052 0.770797
0.001227 0.833064 0.000036 0.834327
0.000148 2.291216 0.000049 2.291413
0.001156 0.801523 0.000036 0.802715
0.000298 0.414159 0.000045 0.414502
0.000755 0.94087 0.000037 0.941662
0.001001 1.178097 0.000035 1.179133
0.000341 2.380198 0.000052 2.380591
0.000687 0.867917 0.000027 0.868631
0.000536 0.929128 0.000026 0.92969
0.00211 1.525169 0.000046 1.527325
0.001445 1.062076 0.000025 1.063546
0.000216 0.395438 0.000039 0.395693
0.000375 2.698427 0.000045 2.698847
0.000552 0.494534 0.000048 0.495134
0.000834 0.511443 0.000037 0.512314
0.000249 2.394166 0.000076 2.394491
0.000261 1.060794 0.000026 1.061081
0.000568 2.149401 0.000049 2.150018
0.001102 0.93363 0.000032 0.934764
0.000164 1.459092 0.000046 1.459302
0.000172 1.058954 0.000026 1.059152
0.001333 1.444372 0.000045 1.44575
0.000614 0.490818 0.000048 0.49148
0.000422 1.899441 0.000033 1.899896
0.001477 1.519549 0.000038 1.521064
0.000424 1.755061 0.000065 1.75555
0.000532 1.760893 0.000047 1.761472
0.000488 1.193886 0.000048 1.194422
0.000321 1.26916 0.000047 1.269528
0.000205 1.921362 0.000035 1.921602
0.001062 1.431299 0.000037 1.432398
0.000723 0.719039 0.000024 0.719786
0.000705 1.029385 0.000026 1.030116
0.000186 0.803061 0.000028 0.803275
0.0014 1.930366 0.000058 1.931824
0.000235 1.057092 0.000037 1.057364
0.000706 0.985343 0.000025 0.986074
0.000326 1.893451 0.000039 1.893816
0.000296 2.000825 0.000057 2.001178
0.00089 2.567993 0.000045 2.568928
0.000538 0.46362 0.000043 0.464201
0.000344 2.138738 0.000039 2.139121
0.000247 5.291674 0.000086 5.292007
0.000685 1.862853 0.000062 1.8636
0.001931 2.692681 0.000050 2.694662
0.003526 2.21998 0.000056 2.223562
0.004069 1.252391 0.000046 1.256506
0.000875 0.518407 0.000037 0.519319
0.001733 0.726302 0.000026 0.728061
0.001749 1.052854 0.000037 1.05464
0.002002 0.839079 0.000034 0.841115
0.000832 1.631191 0.000048 1.632071
0.000493 2.321067 0.000048 2.321608
0.004431 5.710797 0.000103 5.715331
0.000497 2.244094 0.000035 2.244626
0.000974 2.647098 0.000061 2.648133
0.000988 0.494007 0.000041 0.495036
0.001527 0.809521 0.000062 0.81111
0.000852 2.692051 0.000084 2.692987
0.000253 2.034608 0.000036 2.034897
0.000301 1.691244 0.000041 1.691586
0.000336 0.924852 0.000036 0.925224
0.000872 0.841683 0.000027 0.842582
0.000745 1.240485 0.000032 1.241262
0.001592 0.949337 0.000026 0.950955
0.001136 0.835906 0.000026 0.837068
0.001237 1.086212 0.000047 1.087496
0.000333 2.28501 0.000056 2.285399
0.000345 0.443924 0.000037 0.444306
0.00018 1.123701 0.000029 1.12391
0.000681 1.900503 0.000040 1.901224
0.000172 1.997278 0.000098 1.997548
0.00026 2.287372 0.000038 2.28767
0.001027 2.301485 0.000048 2.30256
0.000505 1.936718 0.000040 1.937263
0.000154 1.856662 0.000041 1.856857
0.000526 1.830149 0.000045 1.83072
0.001117 0.978449 0.000051 0.979617
0.002204 0.672825 0.000046 0.675075
0.002096 0.571721 0.000043 0.57386
0.000233 3.32928 0.000054 3.329567
0.00015 0.94656 0.000028 0.946738
0.000497 0.912057 0.000025 0.912579
0.000278 1.066975 0.000037 1.06729
0.000236 2.933398 0.000048 2.933682
0.000398 0.911018 0.000036 0.911452
0.000614 0.947378 0.000024 0.948016
0.000666 2.14001 0.000038 2.140714
0.000476 0.932422 0.000035 0.932933
0.000333 0.926022 0.000037 0.926392
0.000203 1.58319 0.000037 1.58343
0.000195 2.116151 0.000046 2.116392
0.00111 1.047375 0.000026 1.048511
0.002627 0.505593 0.000046 0.508266
0.000224 1.198925 0.000040 1.199189
0.00135 0.484263 0.000037 0.48565
0.000668 1.725923 0.000050 1.726641
0.000989 1.08485 0.000026 1.085865
0.000327 0.918206 0.000030 0.918563
0.000163 0.966242 0.000025 0.96643
0.00256 0.936726 0.000025 0.939311
0.000412 0.581534 0.000039 0.581985
0.000812 1.003524 0.000028 1.004364
0.000763 1.247087 0.000033 1.247883
0.000202 1.288965 0.000026 1.289193
0.000271 0.889213 0.000026 0.88951
0.001467 2.438684 0.000050 2.440201
0.000416 1.52903 0.000046 1.529492
0.000188 0.483434 0.000035 0.483657
0.000313 1.408333 0.000036 1.408682
0.000622 0.843684 0.000037 0.844343
0.000686 1.194641 0.000038 1.195365
0.00077 1.144459 0.000039 1.145268
0.000812 1.467755 0.000041 1.468608
0.000513 0.953879 0.000060 0.954452
0.000436 2.926529 0.000045 2.92701
0.000164 1.600486 0.000036 1.600686
0.000661 0.950319 0.000028 0.951008
0.001317 0.962662 0.000027 0.964006
0.001779 0.92652 0.000035 0.928334
0.000134 0.726414 0.000034 0.726582
0.000164 0.515204 0.000046 0.515414
0.000205 0.975816 0.000027 0.976048
0.00062 1.902779 0.000035 1.903434
0.000165 0.86401 0.000025 0.8642
0.000909 0.691864 0.000024 0.692797
0.00017 0.952268 0.000026 0.952464
0.000236 3.356344 0.000062 3.356642
0.001759 1.0443 0.000040 1.046099
0.000383 0.948312 0.000029 0.948724
0.000155 1.46292 0.000036 1.463111
0.000688 0.836135 0.000083 0.836906
0.000244 0.914734 0.000028 0.915006
0.000178 0.840652 0.000027 0.840857
0.001052 0.923788 0.000052 0.924892
0.000164 1.027587 0.000036 1.027787
0.0003 0.89878 0.000053 0.899133
0.002388 0.818165 0.000026 0.820579
0.000734 4.790423 0.000076 4.791233
0.001012 1.767113 0.000039 1.768164
0.001348 1.149756 0.000036 1.15114
0.00018 0.989468 0.000027 0.989675
0.000634 1.559042 0.000034 1.55971
0.000336 1.115819 0.000030 1.116185
0.000318 2.274716 0.000056 2.27509
0.00185 1.861569 0.000036 1.863455
0.000183 1.097362 0.000027 1.097572
0.000905 0.837889 0.000026 0.83882
0.000953 1.151129 0.000036 1.152118
0.000674 0.857777 0.000036 0.858487
0.000321 1.576053 0.000045 1.576419
0.000378 0.872402 0.000027 0.872807
0.000252 1.634225 0.000037 1.634514
0.000503 1.852924 0.000044 1.853471
0.000245 1.337279 0.000037 1.337561
0.000149 0.904338 0.000026 0.904513
0.000154 1.507676 0.000049 1.507879
0.000969 0.893358 0.000025 0.894352
0.000568 2.659189 0.000037 2.659794
0.000494 1.833358 0.000071 1.833923
0.000228 0.905337 0.000027 0.905592
0.001 1.726598 0.000035 1.727633
0.001565 1.932609 0.000036 1.93421
0.000647 2.322547 0.000045 2.323239
0.000535 1.111441 0.000030 1.112006
0.000166 0.796968 0.000025 0.797159
0.000555 1.414673 0.000039 1.415267
0.001612 0.91537 0.000042 0.917024
0.000452 1.979735 0.000035 1.980222
0.000179 0.862826 0.000028 0.863033
0.000323 1.046808 0.000049 1.04718
0.00059 1.059251 0.000047 1.059888
0.001546 1.03767 0.000025 1.039241
0.002852 2.260547 0.000041 2.26344
0.000192 2.176177 0.000036 2.176405
0.000789 1.58055 0.000051 1.58139
0.001055 1.455055 0.000037 1.456147
0.000776 2.27566 0.000047 2.276483
0.000617 1.936962 0.000035 1.937614
0.000224 1.852682 0.000046 1.852952
0.000466 0.801542 0.000047 0.802055
0.000257 2.31196 0.000046 2.312263
0.000511 0.840982 0.000025 0.841518
0.000158 1.501345 0.000049 1.501552
0.000387 0.882062 0.000038 0.882487
0.00054 2.659096 0.000048 2.659684
0.001444 0.995132 0.000032 0.996608
0.000185 2.827309 0.000065 2.827559
0.000163 1.386587 0.000036 1.386786
0.000351 1.779121 0.000041 1.779513
0.000593 1.930051 0.000038 1.930682
0.000996 1.663274 0.000046 1.664316
0.000194 1.137515 0.000025 1.137734
0.001291 1.964926 0.000035 1.966252
0.000299 0.854517 0.000025 0.854841
0.000574 0.929719 0.000050 0.930343
0.000172 1.221627 0.000033 1.221832
0.000277 1.777977 0.000047 1.778301
0.000658 3.289969 0.000054 3.290681
0.0011 1.027271 0.000042 1.028413
0.00016 0.993545 0.000035 0.99374
0.000465 0.84019 0.000026 0.840681
0.001358 1.818162 0.000036 1.819556
0.000823 1.173071 0.000026 1.17392
0.000245 1.560441 0.000066 1.560752
0.002236 0.383162 0.000046 0.385444
0.000566 1.155325 0.000026 1.155917
0.00126 1.20181 0.000027 1.203097
0.000771 4.968634 0.000066 4.969471
0.000722 2.282454 0.000043 2.283219
0.000181 2.167066 0.000038 2.167285
0.002077 1.070225 0.000032 1.072334
0.002512 0.870003 0.000026 0.872541
0.00018 2.037857 0.000045 2.038082
0.000339 3.488248 0.000086 3.488673
0.000426 2.473714 0.000036 2.474176
0.000549 0.982635 0.000026 0.98321
0.000158 0.872393 0.000034 0.872585
0.001693 2.30559 0.000045 2.307328
0.000246 1.004548 0.000024 1.004818
0.000276 0.538138 0.000037 0.538451
0.000682 1.644551 0.000039 1.645272
0.001421 1.631186 0.000036 1.632643
0.000628 2.950667 0.000102 2.951397
0.001351 0.970288 0.000036 0.971675
0.000331 2.005063 0.000035 2.005429
0.000639 1.969772 0.000036 1.970447
0.000971 2.586897 0.000073 2.587941
0.000313 0.49917 0.000035 0.499518
0.000445 1.727891 0.000050 1.728386
0.000168 3.025117 0.000046 3.025331
0.000251 1.007907 0.000025 1.008183
0.000421 1.86519 0.000055 1.865666
0.00041 0.875205 0.000040 0.875655
0.000427 0.785261 0.000026 0.785714
0.001649 0.685185 0.000066 0.6869
0.000762 1.781874 0.000039 1.782675
0.001899 2.166069 0.000048 2.168016
0.00093 1.164621 0.000030 1.165581
0.000339 1.061063 0.000030 1.061432
0.001452 0.783629 0.000035 0.785116
0.000472 1.634686 0.000034 1.635192
0.000379 2.665534 0.000045 2.665958
0.000588 1.560384 0.000040 1.561012
0.000155 0.985499 0.000037 0.985691
0.000256 1.304955 0.000050 1.305261
0.000348 0.880127 0.000062 0.880537
0.001052 0.473923 0.000046 0.475021
0.000335 1.31838 0.000047 1.318762
0.000256 1.766067 0.000053 1.766376
0.000619 0.763169 0.000026 0.763814
0.000328 1.02426 0.000026 1.024614
0.000177 1.668113 0.000036 1.668326
0.000876 2.17505 0.000049 2.175975
0.000666 0.966151 0.000027 0.966844
0.000196 1.631089 0.000039 1.631324
0.000393 0.922063 0.000028 0.922484
0.00025 2.107541 0.000048 2.107839
0.000387 1.544899 0.000035 1.545321
0.000649 1.303042 0.000068 1.303759
0.000556 1.785545 0.000034 1.786135
0.000164 0.57668 0.000073 0.576917
0.000437 0.365623 0.000037 0.366097
0.001131 1.118834 0.000026 1.119991
0.000431 1.838246 0.000041 1.838718
0.001306 1.755242 0.000040 1.756588
0.000554 1.023594 0.000029 1.024177
0.000204 1.009602 0.000031 1.009837
0.000431 0.580826 0.000101 0.581358
0.00151 2.920677 0.000037 2.922224
0.000258 1.195288 0.000040 1.195586
0.000475 1.792323 0.000035 1.792833
0.000882 1.12349 0.000056 1.124428
0.001249 2.462186 0.000050 2.463485
0.000263 2.239215 0.000083 2.239561
0.00122 1.496465 0.000054 1.497739
0.000309 1.022761 0.000039 1.023109
0.001143 1.947033 0.000095 1.948271
0.000537 0.911859 0.000024 0.91242
0.00148 1.160297 0.000043 1.16182
0.000641 1.264628 0.000156 1.265425
0.000196 2.963135 0.000060 2.963391
0.000587 2.029251 0.000050 2.029888
0.000148 2.396903 0.000064 2.397115
0.002205 1.315003 0.000029 1.317237
0.001402 1.076279 0.000030 1.077711
0.002221 2.721575 0.000158 2.723954
0.001783 1.736994 0.000135 1.738912
0.00124 1.201798 0.000047 1.203085
0.000881 1.032985 0.000044 1.03391
0.000166 1.859679 0.000327 1.860172
0.005803 1.683346 0.000045 1.689194
0.001223 1.131138 0.000025 1.132386
0.000395 0.959689 0.000025 0.960109
0.00047 1.079043 0.000041 1.079554
0.000617 2.022929 0.000071 2.023617
0.000342 0.865105 0.000069 0.865516
0.000167 2.899936 0.000048 2.900151
0.000402 2.234963 0.000044 2.235409
0.000386 2.06386 0.000035 2.064281
0.001014 2.456109 0.000055 2.457178
0.000583 0.529349 0.000039 0.529971
0.00068 0.951041 0.000024 0.951745
0.000304 1.010693 0.000043 1.01104
0.000479 0.805037 0.000053 0.805569
0.000388 0.68202 0.000024 0.682432
0.000948 2.245838 0.000037 2.246823
0.000353 1.484965 0.000036 1.485354
0.0005 1.146624 0.000045 1.147169
0.000811 1.330685 0.000043 1.331539
0.000448 0.911576 0.000055 0.912079
0.000595 5.165966 0.000090 5.166651
0.000571 2.752021 0.000043 2.752635
0.000158 2.236608 0.000048 2.236814
0.000284 1.900575 0.000046 1.900905
0.000312 0.912531 0.000045 0.912888
0.000656 1.196117 0.000038 1.196811
0.000365 3.964665 0.000087 3.965117
0.000495 0.848538 0.000025 0.849058
0.000176 1.062482 0.000026 1.062684
0.001081 3.326623 0.000075 3.327779
0.000561 1.072991 0.000025 1.073577
0.002077 1.312644 0.000051 1.314772
0.000169 0.997504 0.000024 0.997697
0.000167 2.133756 0.000033 2.133956
0.000624 2.109999 0.000048 2.110671
0.000308 0.856868 0.000026 0.857202
0.000465 0.884003 0.000029 0.884497
0.000776 0.771248 0.000040 0.772064
0.000302 0.757676 0.000057 0.758035
0.000396 2.417124 0.000059 2.417579
0.000786 0.77752 0.000036 0.778342
0.000446 0.942809 0.000040 0.943295
0.000417 0.379257 0.000034 0.379708
0.000768 0.93062 0.000032 0.93142
0.000228 1.778489 0.000048 1.778765
0.001054 1.909281 0.000048 1.910383
0.000525 1.359911 0.000037 1.360473
0.000256 1.864182 0.000068 1.864506
0.001454 0.437721 0.000066 0.439241
0.000337 0.65269 0.000064 0.653091
0.000361 1.915342 0.000085 1.915788
0.000408 1.857852 0.000033 1.858293
0.000524 1.156108 0.000037 1.156669
0.001395 2.237056 0.000048 2.238499
0.001868 2.984648 0.000058 2.986574
0.000991 0.507902 0.000035 0.508928
0.000501 0.882821 0.000080 0.883402
0.001081 0.40559 0.000039 0.40671
0.000346 1.014571 0.000026 1.014943
0.000242 1.291946 0.000130 1.292318
0.001683 0.555256 0.000040 0.556979
0.001185 1.698173 0.000043 1.699401
0.001736 1.498738 0.000039 1.500513
0.000598 1.332444 0.000034 1.333076
0.000764 1.132347 0.000036 1.133147
0.000409 3.15511 0.000068 3.155587
0.001293 1.062897 0.000044 1.064234
0.001006 0.962035 0.000026 0.963067
0.001034 0.535847 0.000036 0.536917
0.001358 1.231066 0.000052 1.232476
0.00055 0.882755 0.000027 0.883332
0.000261 1.278746 0.000067 1.279074
0.00108 1.159902 0.000057 1.161039
0.001799 0.823419 0.000032 0.82525
0.000302 2.637272 0.000045 2.637619
0.001115 2.345369 0.000044 2.346528
0.000629 0.988606 0.000064 0.989299
0.000157 0.959628 0.000031 0.959816
0.001162 1.574769 0.000048 1.575979
0.000982 0.435964 0.000054 0.437
0.00158 1.471141 0.000036 1.472757
0.000586 0.82318 0.000036 0.823802
0.000412 2.121258 0.000036 2.121706
0.00116 0.781681 0.000036 0.782877
0.000321 0.897006 0.000033 0.89736
0.003997 1.082452 0.000039 1.086488
0.000167 0.866775 0.000047 0.866989
0.000164 1.112727 0.000484 1.113375
0.002302 2.001246 0.000076 2.003624
0.001448 0.847761 0.000067 0.849276
0.000609 0.885359 0.000046 0.886014
0.00073 0.444585 0.000047 0.445362
0.000304 1.35914 0.000036 1.35948
0.000848 0.543411 0.000072 0.544331
0.000167 0.811047 0.000027 0.811241
0.000236 2.071179 0.000035 2.07145
0.001004 2.086783 0.000034 2.087821
0.00031 2.131168 0.000050 2.131528
0.001584 2.596036 0.000072 2.597692
0.000622 3.839199 0.000070 3.839891
0.00043 5.678244 0.000149 5.678823
0.000994 1.20717 0.000047 1.208211
0.000733 3.130073 0.000045 3.130851
0.001093 0.810734 0.000030 0.811857
0.000182 1.142219 0.000025 1.142426
0.000164 4.268608 0.000069 4.268841
0.000263 0.840353 0.000025 0.840641
0.000659 0.979468 0.000027 0.980154
0.000644 0.80373 0.000024 0.804398
0.000172 1.134715 0.000036 1.134923
0.001477 1.009485 0.000028 1.01099
0.000837 1.544758 0.000038 1.545633
0.000175 0.896008 0.000029 0.896212
0.001369 2.3115 0.000046 2.312915
0.0009 1.03322 0.000032 1.034152
0.000228 1.698118 0.000041 1.698387
0.001796 0.884878 0.000025 0.886699
0.000311 2.77095 0.000051 2.771312
0.000966 1.584375 0.000046 1.585387
0.000745 1.543503 0.000035 1.544283
0.001046 1.892127 0.000036 1.893209
0.000677 0.972993 0.000044 0.973714
0.000252 1.460043 0.000044 1.460339
0.002267 1.930718 0.000049 1.933034
0.000928 0.484116 0.000037 0.485081
0.000274 1.071945 0.000038 1.072257
0.000781 0.916386 0.000213 0.91738
0.000317 0.869571 0.000041 0.869929
0.000362 0.470815 0.000037 0.471214
0.000552 1.803256 0.000038 1.803846
0.000672 1.789161 0.000040 1.789873
0.002037 2.316086 0.000045 2.318168
0.0004 0.945765 0.000025 0.94619
0.000318 0.588675 0.000049 0.589042
0.001554 1.788592 0.000036 1.790182
0.000636 1.213151 0.000052 1.213839
0.000175 1.405464 0.000041 1.40568
0.000424 0.852776 0.000025 0.853225
0.000561 0.845569 0.000026 0.846156
0.002101 2.368294 0.000042 2.370437
0.001549 5.574909 0.000100 5.576558
0.00033 2.22979 0.000036 2.230156
0.000712 1.646575 0.000049 1.647336
0.000611 2.187282 0.000040 2.187933
0.00021 3.826719 0.000085 3.827014
0.000421 1.601099 0.000050 1.60157
0.000411 2.842908 0.000045 2.843364
0.000806 4.913109 0.000065 4.91398
0.000167 3.612432 0.000076 3.612675
0.000407 0.456008 0.000046 0.456461
0.001148 0.956202 0.000025 0.957375
0.000218 1.339724 0.000039 1.339981
0.000173 0.862627 0.000030 0.86283
0.000203 2.252433 0.000037 2.252673
0.000152 2.298846 0.000058 2.299056
0.000834 2.197183 0.000051 2.198068
0.000258 0.755571 0.000028 0.755857
0.000481 0.732684 0.000031 0.733196
0.002415 0.95119 0.000029 0.953634
0.000747 0.884294 0.000055 0.885096
0.001141 0.970943 0.000028 0.972112
0.000458 0.791835 0.000035 0.792328
0.000296 0.812537 0.000025 0.812858
0.000203 2.331517 0.000037 2.331757
0.001179 2.477782 0.000067 2.479028
0.000892 0.882815 0.000034 0.883741
0.000728 0.834979 0.000048 0.835755
0.000767 1.408229 0.000037 1.409033
0.001523 1.48751 0.000036 1.489069
0.001467 1.358928 0.000052 1.360447
0.000316 0.525064 0.000037 0.525417
0.000334 1.027188 0.000026 1.027548
0.000319 3.296485 0.000044 3.296848
0.000294 1.146479 0.000037 1.14681
0.00052 0.794154 0.000024 0.794698
0.000713 0.898218 0.000038 0.898969
0.000913 2.556451 0.000049 2.557413
0.000761 1.94408 0.000036 1.944877
0.000682 1.663197 0.000037 1.663916
0.001697 1.106442 0.000040 1.108179
0.000142 0.744737 0.000025 0.744904
0.000754 1.957602 0.000036 1.958392
0.000921 0.848402 0.000026 0.849349
0.000156 2.562607 0.000053 2.562816
0.00086 1.1787 0.000039 1.179599
0.000169 0.449446 0.000034 0.449649
0.000459 0.894736 0.000024 0.895219
0.002564 2.124977 0.000048 2.127589
0.000895 1.629396 0.000035 1.630326
0.000254 1.164296 0.000043 1.164593
0.000421 2.25565 0.000049 2.25612
0.000785 4.365356 0.000067 4.366208
0.000825 0.889348 0.000026 0.890199
0.000832 0.826556 0.000028 0.827416
0.000861 0.925451 0.000037 0.926349
0.000855 1.379084 0.000034 1.379973
0.000254 0.914425 0.000026 0.914705
0.000444 1.032586 0.000027 1.033057
0.000504 1.571917 0.000036 1.572457
0.00033 0.964758 0.000040 0.965128
0.003904 1.741373 0.000049 1.745326
0.000619 1.540798 0.000046 1.541463
0.00044 0.99465 0.000044 0.995134
0.000361 1.308386 0.000036 1.308783
0.00087 0.745624 0.000028 0.746522
0.000532 1.150584 0.000043 1.151159
0.000193 1.206893 0.000073 1.207159
0.000266 1.070563 0.000049 1.070878
0.00214 0.513335 0.000036 0.515511
0.000202 0.900003 0.000048 0.900253
0.000343 1.524017 0.000064 1.524424
0.000403 2.215354 0.000052 2.215809
0.001009 1.188435 0.000042 1.189486
0.000162 0.830087 0.000037 0.830286
0.00089 1.41092 0.000038 1.411848
0.001092 1.144223 0.000025 1.14534
0.001244 2.348818 0.000046 2.350108
0.000929 0.849224 0.000026 0.850179
0.000917 1.566195 0.000040 1.567152
0.000334 0.839559 0.000029 0.839922
0.000556 0.504241 0.000034 0.504831
0.000344 0.862611 0.000033 0.862988
0.000289 4.431858 0.000100 4.432247
0.001114 0.500561 0.000035 0.50171
0.000164 0.459672 0.000036 0.459872
0.000254 0.834168 0.000068 0.83449
0.000266 2.894513 0.000052 2.894831
0.000167 1.642247 0.000035 1.642449
0.00042 2.353673 0.000037 2.35413
0.000168 5.080158 0.000100 5.080426
0.000234 2.290904 0.000064 2.291202
0.000524 0.881925 0.000025 0.882474
0.00129 0.892466 0.000037 0.893793
0.000866 2.581335 0.000048 2.582249
0.002796 3.611017 0.000062 3.613875
0.000654 1.685757 0.000037 1.686448
0.000385 1.461231 0.000048 1.461664
0.000228 0.568973 0.000035 0.569236
0.0003 0.502251 0.000037 0.502588
0.001753 1.961079 0.000058 1.96289
0.000312 4.266133 0.000082 4.266527
0.002239 3.623765 0.000048 3.626052
0.000961 1.70769 0.000059 1.70871
0.015627 1.215318 0.000044 1.230989
0.000344 1.564855 0.000034 1.565233
0.001039 2.566448 0.000068 2.567555
0.000284 1.423812 0.000037 1.424133
0.00016 0.981953 0.000036 0.982149
0.000408 0.902411 0.000028 0.902847
0.000964 0.831729 0.000037 0.83273
0.000886 1.160005 0.000043 1.160934
0.000343 2.976694 0.000050 2.977087
0.001214 6.18023 0.000082 6.181526
0.000276 1.020511 0.000046 1.020833
0.000174 2.841935 0.000051 2.84216
0.000822 1.419757 0.000035 1.420614
0.000795 0.433803 0.000035 0.434633
0.00189 1.062127 0.000028 1.064045
0.000228 0.764322 0.000027 0.764577
0.000883 1.041187 0.000053 1.042123
0.00019 1.071294 0.000039 1.071523
0.001889 1.137817 0.000039 1.139745
0.001526 0.550238 0.000044 0.551808
0.001529 1.851136 0.000041 1.852706
0.000889 0.438491 0.000062 0.439442
0.000221 0.464253 0.000036 0.46451
0.000346 0.896274 0.000025 0.896645
0.000156 0.841643 0.000038 0.841837
0.000747 0.773538 0.000026 0.774311
0.000767 1.955653 0.000045 1.956465
0.000454 0.801953 0.000033 0.80244
0.002356 1.022899 0.000035 1.02529
0.000436 1.796531 0.000040 1.797007
0.000561 2.911862 0.000062 2.912485
0.00108 1.353592 0.000030 1.354702
0.000203 1.167313 0.000026 1.167542
0.000522 0.388839 0.000061 0.389422
0.000352 1.26905 0.000045 1.269447
0.000257 1.124803 0.000046 1.125106
0.000221 1.590312 0.000038 1.590571
0.000196 1.355897 0.000055 1.356148
0.000685 0.872167 0.000027 0.872879
0.000423 0.746587 0.000046 0.747056
0.000163 1.075608 0.000039 1.07581
0.000238 1.608043 0.000046 1.608327
0.001615 2.036539 0.000039 2.038193
0.00022 0.780568 0.000034 0.780822
0.000674 2.414492 0.000045 2.415211
0.000233 1.211026 0.000036 1.211295
